episode	text_per_tr	words_per_tr	onsets_per_tr	durations_per_tr
s04e21a		[]	[]	[]
s04e21a		[]	[]	[]
s04e21a	it seems	['you', 'know', 'what', 'it', 'seems']	[3.6, 3.6799998, 3.84, 3.9199998, 4.0]	[0.07999979999999995, 0.16000019999999981, 0.07999979999999995, 0.08000020000000019, 0.31999970000000033]
s04e21a	 like all of a sudden so	['like', 'all', 'of', 'a', 'sudden', 'so']	[4.3199997, 4.48, 4.64, 4.72, 4.7999997, 5.68]	[0.1600003000000001, 0.15999999999999925, 0.08000000000000007, 0.07999970000000012, 0.5, 0.1599997000000002]
s04e21a	 much is happening. i	['much', 'is', 'happening', 'i']	[5.8399997, 6.08, 6.24, 6.8799996]	[0.24000030000000017, 0.16000000000000014, 0.5, 0.24000040000000045]
s04e21a	 know. ross is getting	['know', 'ross', 'is', 'getting']	[7.12, 7.9199996, 8.32, 8.48]	[0.5, 0.4000004000000006, 0.16000000000000014, 0.3200000000000003]
s04e21a	 married... phoebe's...	"['married', ""phoebe's""]"	[8.8, 9.495]	[0.5, 0.5]
s04e21a	 making people.	['making', 'people']	[10.695, 11.095]	[0.40000000000000036, 0.5]
s04e21a	 everybody's	"[""everybody's""]"	[12.695]	[0.5]
s04e21a	 doing stuff. and we just sit	['doing', 'stuff', 'yeah', 'we', 'just', 'sit']	[13.255, 13.575, 13.975, 14.215, 14.375, 14.535]	[0.3199999999999985, 0.40000000000000036, 0.2400000000000002, 0.16000000000000014, 0.16000000000000014, 0.2400000000000002]
s04e21a	 here. if i died, the	['here', 'i', 'mean', 'if', 'i', 'died', 'the']	[14.775, 15.254999, 15.335, 15.575, 15.735, 15.815, 16.135]	[0.4799989999999994, 0.0800010000000011, 0.23999999999999844, 0.16000000000000014, 0.08000000000000007, 0.32000000000000206, 0.16000000000000014]
s04e21a	 only way people would even know that i was	['only', 'way', 'people', 'would', 'even', 'know', 'that', 'i', 'was']	[16.295, 16.455, 16.615, 16.775, 16.935, 17.095, 17.255, 17.415, 17.575]	[0.1599999999999966, 0.16000000000000014, 0.16000000000000014, 0.16000000000000014, 0.16000000000000014, 0.16000000000000014, 0.16000000000000014, 0.16000000000000014, 0.16000000000000014]
s04e21a	 here would be by the ass print	['here', 'would', 'be', 'by', 'the', 'sprint']	[17.735, 17.974998, 18.135, 18.215, 18.295, 18.76]	[0.23999799999999993, 0.1600020000000022, 0.0799999999999983, 0.08000000000000185, 0.384999999999998, 0.3999999999999986]
s04e21a	 on this chair.	['on', 'this', 'chair']	[19.16, 19.4, 19.64]	[0.23999999999999844, 0.240000000000002, 0.5]
s04e21a		[]	[]	[]
s04e21a	 what are we doing?	['what', 'are', 'we', 'doing']	[22.36, 22.6, 22.76, 23.0]	[0.240000000000002, 0.16000000000000014, 0.23999999999999844, 0.5]
s04e21a	 wasting... our	['wasting', 'our']	[23.560001, 25.0]	[0.5, 0.3200000000000003]
s04e21a	 lives.	['lives']	[25.32]	[0.5]
s04e21a	 i meant for	['i', 'meant', 'for']	[26.825, 26.905, 27.225]	[0.08000000000000185, 0.3200000000000003, 0.5]
s04e21a	 lunch.	['lunch']	[28.825]	[0.5]
s04e21a	 look, we have to do	['look', 'we', 'have', 'to', 'do']	[30.425001, 30.745, 30.825, 30.985, 31.065]	[0.31999899999999926, 0.0799999999999983, 0.16000000000000014, 0.08000000000000185, 0.16000000000000014]
s04e21a	 something, okay? something	['something', 'okay', 'something']	[31.225, 31.785, 32.185]	[0.5, 0.40000000000000213, 0.4799999999999969]
s04e21a	 huge.	['huge']	[32.665]	[0.5]
s04e21a	 we could climb mt.	['we', 'could', 'climb', 'mount']	[34.399998, 34.64, 34.8, 35.12]	[0.24000200000000405, 0.1599999999999966, 0.3200000000000003, 0.3200000000000003]
s04e21a	 everest.	['everest']	[35.44]	[0.5]
s04e21a	 no. not something stupid--	"['no', 'not', 'something', 'stupid', ""it's""]"	[37.039997, 37.44, 37.679996, 38.079998, 38.559998]	[0.4000029999999981, 0.23999600000000498, 0.40000200000000063, 0.4799999999999969, 0.08000200000000035]
s04e21a	 something huge.	['something', 'huge']	[38.64, 38.96]	[0.3200000000000003, 0.5]
s04e21a	 no, no, i saw an ad	['no', 'no', 'no', 'no', 'no', 'i', 'saw', 'an', 'ad']	[40.0, 40.32, 40.48, 40.64, 40.8, 40.96, 41.039997, 41.28, 41.44]	[0.3200000000000003, 0.1599999999999966, 0.1600000000000037, 0.1599999999999966, 0.1600000000000037, 0.07999699999999876, 0.24000300000000152, 0.1599999999999966, 0.23999600000000498]
s04e21a	 for this video. people climb	['for', 'this', 'video', 'people', 'climb']	[41.679996, 41.839996, 42.0, 42.395, 42.795002]	[0.1599999999999966, 0.1600040000000007, 0.3950000000000031, 0.40000199999999353, 0.31999800000000533]
s04e21a	 that thing every day. we could totally	['that', 'thing', 'every', 'day', 'we', 'could', 'totally']	[43.115, 43.355, 43.515, 43.755, 43.995, 44.155, 44.315]	[0.23999999999999488, 0.1600000000000037, 0.240000000000002, 0.23999999999999488, 0.1600000000000037, 0.1599999999999966, 0.32000200000000234]
s04e21a	 do that.	['do', 'that']	[44.635002, 44.875]	[0.23999799999999993, 0.5]
s04e21a	 why not? i mean, it's just... it's	"['why', 'not', 'i', 'mean', ""it's"", 'just', ""it's""]"	[46.155, 46.395, 46.795002, 46.955, 47.115, 47.275, 47.515]	[0.240000000000002, 0.40000199999999353, 0.15999800000000164, 0.1600000000000037, 0.1599999999999966, 0.240000000000002, 0.1599999999999966]
s04e21a	 just climbing.	['just', 'climbing']	[47.675, 47.995]	[0.3200000000000003, 0.5]
s04e21a	 it's just... it's	"[""it's"", 'just', ""it's""]"	[49.435, 49.755, 50.15]	[0.3200000000000003, 0.3149999999999977, 0.240000000000002]
s04e21a	 just steep.	['just', 'steep']	[50.39, 51.59]	[0.5, 0.5]
s04e21a	 yeah. we're going to	"[""we're"", 'going', 'to']"	[52.79, 53.11, 53.43]	[0.3200000000000003, 0.3200000000000003, 0.0799999999999983]
s04e21a	 everest, okay? it'd be nice to leave	"['everest', 'okay', ""it'd"", 'be', 'nice', 'to', 'leave']"	[53.51, 54.07, 54.309998, 54.55, 54.63, 54.87, 54.95]	[0.5, 0.23999799999999993, 0.24000199999999694, 0.0800000000000054, 0.23999999999999488, 0.0800000000000054, 0.1599999999999966]
s04e21a	 an ass print on everest.	['an', 'ass', 'print', 'on', 'everest']	[55.11, 55.27, 55.43, 55.75, 55.91]	[0.1600000000000037, 0.1599999999999966, 0.3200000000000003, 0.1599999999999966, 0.5]
s04e21a	 hey.	['hey']	[57.51]	[0.5]
s04e21a	 hey. hey,	['hey', 'why']	[58.295, 59.015]	[0.5, 0.23999700000000246]
s04e21a	 what's up? we're going to climb mt.	"[""not's"", 'up', ""we're"", 'gonna', 'climb', 'mount']"	[59.254997, 59.655, 59.975, 60.135, 60.375, 60.695]	[0.4000029999999981, 0.3200000000000003, 0.1599999999999966, 0.240000000000002, 0.3200000000000003, 0.1599999999999966]
s04e21a	 everest. yeah, baby! really?	['everest', 'yeah', 'baby', 'really']	[60.855, 61.175, 61.414997, 61.975]	[0.3200000000000003, 0.23999700000000246, 0.5, 0.5]
s04e21a	 i looked into that. yeah, but i mean, it costs, like, $60,000 dollar	['i', 'looked', 'into', 'that', 'yeah', 'but', 'i', 'mean', 'it', 'costs', 'like', '$60,000', 'and', 'you', 'know', 'you', 'could']	[63.094997, 63.335, 63.574997, 63.585663, 63.59633, 63.607, 63.617664, 63.62833, 63.638996, 63.649662, 63.66033, 63.670998, 63.681664, 63.69233, 63.702995, 63.713665, 63.72433]	[0.24000300000000152, 0.23999700000000246, 0.010665999999993403, 0.010667000000005089, 0.010669999999997515, 0.010663999999998452, 0.010666000000000508, 0.010666000000000508, 0.010666000000000508, 0.010668000000002564, 0.010667999999995459, 0.010666000000000508, 0.010666000000000508, 0.010665000000003033, 0.010669999999997515, 0.010665000000003033, 0.010666999999997984]
s04e21a		['die']	[63.734997]	[0.5000029999999995]
s04e21a		['and']	[65.095]	[0.5]
s04e21a	 and, you know, you could	['$3,000', 'and', 'you', 'know', 'you', 'could']	[67.01, 67.57, 67.729996, 67.89, 68.13, 68.21]	[0.5, 0.1599960000000067, 0.1600040000000007, 0.23999999999999488, 0.0799999999999983, 0.2400000000000091]
s04e21a	 die	['die', 'and']	[68.45, 69.17]	[0.5, 0.5]
s04e21a	 and... you would	['and', 'you', 'would']	[70.53, 70.77, 71.01]	[0.23999999999999488, 0.2400000000000091, 0.3199999999999932]
s04e21a	 die.	['die']	[71.33]	[0.5]
s04e21a		[]	[]	[]
s04e21a		[]	[]	[]
s04e21a	 oh... well. we could get that everest video	['we', 'could', 'get', 'that', 'everest', 'video']	[76.195, 76.435, 76.595, 76.755, 76.915, 77.235]	[0.2400000000000091, 0.1599999999999966, 0.1599999999999966, 0.1600000000000108, 0.3199999999999932, 0.23999999999999488]
s04e21a	 though. yeah,	['though', 'yeah']	[77.475, 78.515]	[0.5, 0.3199999999999932]
s04e21a	 we could do that without, you know,	['we', 'could', 'do', 'that', 'without', 'you', 'know']	[78.835, 78.995, 79.155, 79.315, 79.555, 79.875, 79.955]	[0.1600000000000108, 0.1599999999999966, 0.1599999999999966, 0.2400000000000091, 0.3199999999999932, 0.0799999999999983, 0.23999999999999488]
s04e21a	 risking our lives at all.	['risking', 'our', 'lives', 'at', 'all']	[80.195, 80.595, 80.755, 80.995, 81.075]	[0.4000000000000057, 0.1599999999999966, 0.2400000000000091, 0.0799999999999983, 0.5]
s04e21a	 and while we're down at	"['and', 'and', 'while', ""we're"", 'down', 'at']"	[81.715, 82.65, 82.81, 82.97, 83.05, 83.21]	[0.5, 0.1599999999999966, 0.1599999999999966, 0.0799999999999983, 0.1599999999999966, 0.0800000000000125]
s04e21a	 the video store you know what else we could	['the', 'video', 'store', 'you', 'know', 'what', 'else', 'we', 'could']	[83.29, 83.45, 83.77, 84.01, 84.09, 84.17, 84.25, 84.409996, 84.49]	[0.1599999999999966, 0.3199999999999932, 0.2400000000000091, 0.0799999999999983, 0.0799999999999983, 0.0799999999999983, 0.1599960000000067, 0.0800039999999882, 0.23999600000000498]
s04e21a	 rent? die	['rent', 'diodes']	[84.729996, 85.29]	[0.5, 0.5]
s04e21a		[]	[]	[]
s04e21a	 hard. oh, but you know what? i just	['you', 'know', 'what', 'i', 'just']	[88.17, 88.409996, 88.49, 88.81, 88.97]	[0.23999600000000498, 0.0800039999999882, 0.3200000000000074, 0.1599999999999966, 0.23999999999999488]
s04e21a	 remembered that everest thing	['remembered', 'that', 'everest', 'thing']	[89.21, 89.935005, 90.175, 90.495]	[0.5, 0.2399949999999933, 0.3200000000000074, 0.3199999999999932]
s04e21a	 is only available through mail	['is', 'only', 'available', 'through', 'mail']	[90.815, 90.895004, 91.135, 91.535, 91.775]	[0.0800040000000024, 0.23999600000000498, 0.3999999999999915, 0.2400000000000091, 0.3199999999999932]
s04e21a	 order. oh,	['order', 'oh']	[92.095, 93.055]	[0.5, 0.3199999999999932]
s04e21a	 well. so you guys will stay	['well', 'so', 'you', 'guys', 'will', 'stay']	[93.375, 94.33501, 94.575005, 94.65501, 94.975006, 95.055]	[0.5, 0.2399950000000075, 0.08000499999999988, 0.31999599999998907, 0.07999400000001344, 0.1600039999999865]
s04e21a	 here and hang out with me?	['here', 'and', 'hang', 'out', 'with', 'me']	[95.215004, 95.455, 95.615005, 95.775, 95.935005, 96.095]	[0.23999600000000498, 0.16000499999999818, 0.1599950000000092, 0.16000499999999818, 0.159994999999995, 0.5]
s04e21a	 yeah. yeah.	['yeah', 'yeah']	[96.815, 97.295006]	[0.48000600000000304, 0.5]
s04e21a		[]	[]	[]
s04e21a	 but i'll tell you something. one of	"['but', 'but', ""i'll"", 'tell', 'you', 'something', 'one', 'of']"	[99.69501, 99.92, 100.0, 100.079994, 100.159996, 100.24, 100.88, 101.03999]	[0.14499000000000706, 0.0799999999999983, 0.07999399999999923, 0.08000200000000746, 0.0800039999999882, 0.5, 0.15999000000000763, 0.08000499999999988]
s04e21a	 these days, we're going to get	"['these', 'days', ""we're"", 'gonna', 'get']"	[101.119995, 101.35999, 102.0, 102.24, 102.479996]	[0.2399949999999933, 0.5, 0.23999999999999488, 0.23999600000000498, 0.23999399999999582]
s04e21a	 off our butts	['off', 'our', 'butts']	[102.71999, 102.96, 103.119995]	[0.24000999999999806, 0.1599950000000092, 0.5]
s04e21a	 and rent die hard again.	['and', 'rent', 'die', 'hard', 'again']	[104.24, 104.479996, 104.799995, 104.96, 105.2]	[0.23999600000000498, 0.3199989999999957, 0.16000499999999818, 0.2400000000000091, 0.5]
s04e21a		[]	[]	[]
s04e21a		[]	[]	[]
s04e21a		[]	[]	[]
s04e21a		[]	[]	[]
s04e21a		[]	[]	[]
s04e21a		[]	[]	[]
s04e21a		[]	[]	[]
s04e21a		[]	[]	[]
s04e21a	 yeah, we are! wow. that	['wow', 'that']	[118.33, 118.97]	[0.5, 0.1599999999999966]
s04e21a	 was fast. it usually	['was', 'fast', 'it', 'usually']	[119.13, 119.45, 119.93, 120.09]	[0.3200000000000074, 0.480000000000004, 0.1599999999999966, 0.3999999999999915]
s04e21a	 takes me two hours to get ben to	['takes', 'me', '2', 'hours', 'to', 'get', 'ben', 'to']	[120.49, 120.729996, 120.97, 121.29, 121.61, 121.689995, 121.85, 122.09]	[0.23999600000000498, 0.240003999999999, 0.3200000000000074, 0.3199999999999932, 0.07999499999999671, 0.16000499999999818, 0.2400000000000091, 0.0799999999999983]
s04e21a	 go down for his nap.	['go', 'down', 'for', 'his', 'nap']	[122.17, 122.33, 122.49, 122.65, 122.89]	[0.1599999999999966, 0.1599999999999966, 0.1600000000000108, 0.23999999999999488, 0.5]
s04e21a	 he's such a little sweetheart. do you know what	['such', 'little', 'sweetheart', 'do', 'you', 'know', 'what']	[123.53, 123.85, 124.09, 124.57, 124.65, 124.729996, 124.81]	[0.3199999999999932, 0.2400000000000091, 0.47999999999998977, 0.0800000000000125, 0.07999599999999418, 0.0800040000000024, 0.24500000000000455]
s04e21a	 he just said? what? good	['just', 'said', 'well', 'good']	[125.135, 125.295, 126.255, 126.335]	[0.1599999999999966, 0.5, 0.0799999999999983, 0.2400000000000091]
s04e21a	 night, mommy.	['night', 'mommy']	[126.575, 126.895]	[0.3199999999999932, 0.5]
s04e21a	 oh... yeah. that's cause he's	"['oh', 'yeah', ""that's"", 'because', ""he's""]"	[127.695, 128.335, 128.735, 128.975, 129.215]	[0.5, 0.4000000000000057, 0.23999999999998067, 0.2400000000000091, 0.2400000000000091]
s04e21a	 got lots of mommies.	['got', 'lots', 'of', 'mommies']	[129.455, 129.695, 129.935, 130.095]	[0.23999999999998067, 0.2400000000000091, 0.1599999999999966, 0.5]
s04e21a	 yeah, in fact it's	"['yeah', 'in', 'fact', ""it's""]"	[131.775, 132.015, 132.175, 132.415]	[0.23999999999998067, 0.160000000000025, 0.23999999999998067, 0.1599999999999966]
s04e21a	 kind of become his word for	['kinda', 'become', 'his', 'word', 'for']	[132.575, 132.895, 133.135, 133.295, 133.535]	[0.3200000000000216, 0.23999999999998067, 0.1599999999999966, 0.2400000000000091, 0.1599999999999966]
s04e21a	 woman.	['woman']	[133.695]	[0.4449999999999932]
s04e21a		[]	[]	[]
s04e21a	 ah. so what did we	['so', 'what', 'did', 'we']	[137.58, 137.81999, 137.98, 138.14]	[0.2399899999999775, 0.16000999999999976, 0.1599999999999966, 0.2400000000000091]
s04e21a	 decide? does your uncle nathan	['decide', 'does', 'your', 'uncle', 'nathan']	[138.38, 138.86, 139.02, 139.18, 139.5]	[0.4800000000000182, 0.1599999999999966, 0.1599999999999966, 0.3199999999999932, 0.4000000000000057]
s04e21a	 get an invite or not? oh,	['get', 'an', 'invite', 'or', 'not', 'oh']	[139.9, 140.06, 140.3, 140.62, 140.78, 141.26]	[0.1599999999999966, 0.2400000000000091, 0.3199999999999932, 0.1599999999999966, 0.47999999999998977, 0.2400000000000091]
s04e21a	 god, nobody likes	['god', 'nobody', 'likes']	[141.5, 141.81999, 142.38]	[0.31998999999999, 0.5, 0.4000000000000057]
s04e21a	 him. and he's so cheap. i	"['him', 'and', ""he's"", 'so', 'cheap', 'i']"	[142.78, 143.26, 143.42, 143.74, 144.205, 144.365]	[0.47999999999998977, 0.1599999999999966, 0.3200000000000216, 0.3849999999999909, 0.1599999999999966, 0.1599999999999966]
s04e21a	 mean, he'd never fly to london	"['mean', ""he'd"", 'never', 'fly', 'to', 'london']"	[144.525, 144.605, 144.845, 145.085, 145.485, 145.565]	[0.07999999999998408, 0.2400000000000091, 0.2400000000000091, 0.4000000000000057, 0.07999999999998408, 0.3199999999999932]
s04e21a	 in a million years.	['in', 'a', '1000000', 'years']	[145.885, 146.045, 146.205, 146.685]	[0.1599999999999966, 0.160000000000025, 0.47999999999998977, 0.5]
s04e21a	 yeah, invite him.	['yeah', 'invite', 'him']	[147.565, 147.965, 148.205]	[0.4000000000000057, 0.2400000000000091, 0.5]
s04e21a	 hey,	['hey']	[150.125]	[0.2400000000000091]
s04e21a	 did i do these neat enough?	['can', 'i', 'do', 'these', 'neat', 'enough']	[150.365, 150.525, 150.605, 150.765, 151.085, 151.325]	[0.1599999999999966, 0.07999999999998408, 0.1599999999999966, 0.3200000000000216, 0.23999999999998067, 0.5]
s04e21a		[]	[]	[]
s04e21a	 yeah. they're	"['yeah', ""they're""]"	[154.0, 154.4]	[0.4000000000000057, 0.3199999999999932]
s04e21a	 fine. yeah? if	['fine', 'yeah', 'if']	[154.72, 155.36, 156.08]	[0.5, 0.5, 0.2399899999999775]
s04e21a	 anyone asks we'll say that ben	"['anyone', 'asks', ""we'll"", 'say', 'that', 'ben']"	[156.31999, 156.64, 156.8, 157.04, 157.2, 157.52]	[0.32000999999999635, 0.160000000000025, 0.23999999999998067, 0.1599999999999966, 0.3200000000000216, 0.23999999999998067]
s04e21a	 addressed them.	['addressed', 'them']	[157.76, 158.16]	[0.4000000000000057, 0.5]
s04e21a	 oh.	['oh']	[159.965]	[0.5]
s04e21a	 so you invited rachel,	['so', 'you', 'invited', 'rachel']	[160.84499, 161.08499, 161.165, 161.64499]	[0.2400000000000091, 0.08000999999998726, 0.479990000000015, 0.40000999999998044]
s04e21a	 then? t? sure. why no	['then', 'sure', 'why', 'not']	[162.045, 162.765, 163.165, 163.325]	[0.5, 0.4000000000000057, 0.1599999999999966, 0.5]
s04e21a	 really?	['really']	[164.28499]	[0.5]
s04e21a	 yeah. well, don't think	"['yeah', 'well', ""don't"", 'think']"	[164.92499, 165.965, 166.36499, 166.685]	[0.5, 0.3999900000000025, 0.32000999999999635, 0.15998999999999342]
s04e21a	 i'd be comfortable	"[""i'd"", 'be', 'comfortable']"	[166.84499, 167.00499, 167.165]	[0.1599999999999966, 0.16000999999999976, 0.5]
s04e21a	 having any of my old lovers	['having', 'any', 'of', 'my', 'old', 'lovers']	[168.1, 168.42, 168.5, 168.74, 168.98001, 169.22]	[0.3199999999999932, 0.0800000000000125, 0.2400000000000091, 0.24000999999998385, 0.23999000000000592, 0.32000999999999635]
s04e21a	 there. wait,	['there', 'wait']	[169.54001, 171.06]	[0.5, 0.2400000000000091]
s04e21a	 wait, wait. do you think maybe  we	['wait', 'wait', 'do', 'you', 'do', 'you', 'think', 'maybe', 'we']	[171.3, 171.46, 171.54001, 171.78, 171.86, 172.02, 172.1, 172.34, 172.58]	[0.1599999999999966, 0.08000999999998726, 0.23999000000000592, 0.0800000000000125, 0.1599999999999966, 0.07999999999998408, 0.2400000000000091, 0.2400000000000091, 0.1599999999999966]
s04e21a	 shouldn't invite her?	"[""shouldn't"", 'advise', 'her']"	[172.74, 173.06, 173.38]	[0.3199999999999932, 0.3199999999999932, 0.5]
s04e21a	 oh, no, no, ross. you know	['oh', 'no', 'no', 'ross', 'you', 'know']	[174.18001, 174.5, 174.74, 174.98001, 175.38, 175.54001]	[0.31998999999999, 0.2400000000000091, 0.24000999999998385, 0.3999900000000025, 0.16000999999999976, 0.15998999999999342]
s04e21a	 i absolutely adore rachel. it's	"['i', 'absolutely', 'adore', 'rachel', ""it's""]"	[175.7, 175.94, 176.42, 176.74, 177.14]	[0.2400000000000091, 0.47999999999998977, 0.3200000000000216, 0.39999999999997726, 0.160000000000025]
s04e21a	 just that...	['just', 'that']	[177.3, 177.46]	[0.1599999999999966, 0.5]
s04e21a	 well, i thought it might be a bit	['well', 'i', 'thought', 'it', 'might', 'be', 'a', 'bit']	[178.725, 178.96501, 179.045, 179.285, 179.445, 179.60501, 179.645, 179.685]	[0.24001000000001227, 0.07998999999998091, 0.2400000000000091, 0.1599999999999966, 0.16000999999999976, 0.03999000000001729, 0.03999999999999204, 0.2400000000000091]
s04e21a	 awkward for you. but	['awkward', 'for', 'you', 'but']	[179.925, 180.32501, 180.485, 181.285]	[0.40000999999998044, 0.15999000000002184, 0.5, 0.4000000000000057]
s04e21a	 it's absolutely your	"[""it's"", 'absolutely', 'your']"	[181.685, 182.085, 182.725]	[0.4000000000000057, 0.5, 0.16000999999999976]
s04e21a	 decision. more tea?	['decision', 'more', 'tea']	[182.88501, 183.925, 184.24501]	[0.5, 0.32000999999999635, 0.5]
s04e21a	 yeah. sure.	['yeah', 'sure']	[184.96501, 185.365]	[0.3999900000000025, 0.5]
s04e21a		[]	[]	[]
s04e21a	 earl	['gray']	[187.65]	[0.5]
s04e21a	 grey? huh? fine. invite	"[""you're"", 'getting', 'fine', 'yeah', 'invite']"	[189.17, 189.33, 189.65, 189.97, 190.13]	[0.160000000000025, 0.3199999999999932, 0.3199999999999932, 0.1599999999999966, 0.3199999999999932]
s04e21a	 whoever you want.	['whoever', 'you', 'want']	[190.45, 190.77, 190.85]	[0.3200000000000216, 0.07999999999998408, 0.5]
s04e21a		[]	[]	[]
s04e21a		[]	[]	[]
s04e21a	 i don't	"['i', ""don't""]"	[196.185, 196.345]	[0.1599999999999966, 0.32000999999999635]
s04e21a	 want to be single,	['want', 'to', 'be', 'single']	[196.66501, 196.985, 197.145, 197.38501]	[0.3199900000000184, 0.1599999999999966, 0.24000999999998385, 0.479990000000015]
s04e21a	 okay? i just, i just , i just	['okay', 'i', 'just', 'i', 'just', 'i', 'just']	[197.865, 198.265, 198.425, 198.66501, 198.825, 199.065, 199.225]	[0.39999999999997726, 0.160000000000025, 0.24000999999998385, 0.15998999999999342, 0.2400000000000091, 0.1599999999999966, 0.16000999999999976]
s04e21a	 want to be married again.	['wanna', 'be', 'married', 'again']	[199.38501, 199.705, 199.865, 200.185]	[0.3199900000000184, 0.1599999999999966, 0.3199999999999932, 0.5]
s04e21a		[]	[]	[]
s04e21a		[]	[]	[]
s04e21a		[]	[]	[]
s04e21a	 and i just want	['and', 'i', 'just', 'want']	[205.83, 206.06999, 206.39, 206.62999]	[0.2399899999999775, 0.32000999999999635, 0.23999000000000592, 0.0800000000000125]
s04e21a		['$1,000,000']	[206.70999]	[0.5]
s04e21a		[]	[]	[]
s04e21a	 a million dollars! rachel?	['rachel']	[210.31]	[0.5]
s04e21a	 oh, god, monica, hi.	['oh', 'god', 'monica', 'hi']	[211.34999, 211.67, 211.98999, 212.54999]	[0.32000999999999635, 0.3199900000000184, 0.5, 0.5]
s04e21a	 thank god.	['thank', 'god']	[213.11, 213.34999]	[0.2399899999999775, 0.5]
s04e21a		[]	[]	[]
s04e21a	  okay, everybody... this	['okay', 'everybody', 'this']	[216.155, 216.63501, 217.27501]	[0.48000999999999294, 0.5, 0.2399899999999775]
s04e21a	 is rachel	['is', 'rachel', 'at']	[217.515, 217.675, 218.075]	[0.160000000000025, 0.39999999999997726, 0.5]
s04e21a	 , another lincoln high survivor. this	['heather', 'lincoln', 'high', 'survivor', 'this']	[218.875, 219.115, 219.435, 219.595, 220.235]	[0.2400000000000091, 0.3199999999999932, 0.1599999999999966, 0.5, 0.23999999999998067]
s04e21a	 is everybody. this is chandler	['is', 'everybody', 'this', 'is', 'chandler', 'and']	[220.475, 220.63501, 221.035, 221.195, 221.27501, 221.675]	[0.16000999999999976, 0.3999900000000025, 0.1599999999999966, 0.08001000000001568, 0.3999900000000025, 0.3199999999999932]
s04e21a	 and phoebe and joey	['and', 'phoebe', 'and', 'joey']	[221.995, 222.155, 222.63501, 222.955]	[0.1599999999999966, 0.48000999999999294, 0.3199900000000184, 0.5]
s04e21a	 and... you remember my	['and', 'you', 'remember', 'my']	[223.675, 223.995, 224.37001, 224.53]	[0.3199999999999932, 0.2150000000000034, 0.15998999999999342, 0.1599999999999966]
s04e21a	 brother ross? sure!	['brother', 'ross', 'sure']	[224.69, 225.09001, 225.65001]	[0.40001000000000886, 0.5, 0.5]
s04e21a	 hey. hi.	['hey', 'hi']	[226.29001, 226.77]	[0.479990000000015, 0.5]
s04e21a	 oh!	['oh']	[228.41]	[0.5]
s04e21a	 oh, god! you know, you probably didn't	"['you', 'know', 'you', 'probably', ""didn't""]"	[230.05, 230.21, 230.29001, 230.45001, 230.69]	[0.1599999999999966, 0.08000999999998726, 0.1599999999999966, 0.23999000000000592, 0.24001000000001227]
s04e21a	 know this but back in high school, i	['know', 'this', 'but', 'back', 'in', 'high', 'school', 'i']	[230.93001, 231.09001, 231.33, 231.49, 231.73001, 231.89, 232.05, 232.29001]	[0.1599999999999966, 0.23999000000000592, 0.1599999999999966, 0.24000999999998385, 0.15998999999999342, 0.160000000000025, 0.24000999999998385, 0.0800000000000125]
s04e21a	 had a,	['had', 'a']	[232.37001, 232.61]	[0.23999000000000592, 0.5]
s04e21a	 um... major crush	['major', 'crush']	[234.285, 235.00499]	[0.5, 0.24001000000001227]
s04e21a	 on you. i	['on', 'you', 'i']	[235.245, 235.485, 236.525]	[0.2400000000000091, 0.5, 0.1599999999999966]
s04e21a	 knew. you did?	['knew', 'you', 'did']	[236.685, 237.485, 237.64499]	[0.5, 0.15998999999999342, 0.40000999999998044]
s04e21a	 oh.	['oh']	[238.045]	[0.5]
s04e21a	 i always figured you	['i', 'always', 'figured', 'you']	[240.66, 240.81999, 241.06, 241.3]	[0.15998999999999342, 0.24001000000001227, 0.2400000000000091, 0.07998999999998091]
s04e21a	 just thought i was monica's	"['just', 'thought', 'i', 'was', ""monica's""]"	[241.37999, 241.62, 241.78, 241.86, 242.09999]	[0.24001000000001227, 0.1599999999999966, 0.0800000000000125, 0.2399899999999775, 0.48001000000002136]
s04e21a	 geeky older brother.	['geeky', 'older', 'brother']	[242.58, 242.9, 243.22]	[0.3199999999999932, 0.3199999999999932, 0.5]
s04e21a	 i did. oh!	['i', 'did', 'oh']	[244.42, 244.58, 245.22]	[0.160000000000025, 0.5, 0.5]
s04e21a		[]	[]	[]
s04e21a	 listen, do you	['listen', 'do', 'you']	[247.86, 248.34, 248.5]	[0.47999999999998977, 0.1599999999999966, 0.0800000000000125]
s04e21a	 think-- and	['think', 'and', 'and']	[248.58, 249.78, 250.075]	[0.5, 0.2150000000000034, 0.160000000000025]
s04e21a	 try not to let my intense	['try', 'not', 'to', 'let', 'my', 'intense']	[250.235, 250.39499, 250.47499, 250.635, 250.875, 251.03499]	[0.15998999999999342, 0.07999999999998408, 0.16000999999999976, 0.2400000000000091, 0.15998999999999342, 0.32000999999999635]
s04e21a	 vulnerability become any kind of a	['vulnerability', 'become', 'any', 'kind', 'of', 'a']	[251.355, 252.235, 252.555, 252.715, 252.875, 252.955]	[0.5, 0.3199999999999932, 0.1599999999999966, 0.1599999999999966, 0.0800000000000125, 0.07998999999998091]
s04e21a	 factor here--	['factor', 'here']	[253.03499, 253.355]	[0.32000999999999635, 0.5]
s04e21a	 but do you think it would	['but', 'do', 'you', 'think', 'it', 'would']	[255.355, 255.595, 255.67499, 255.83499, 255.995, 256.07498]	[0.2400000000000091, 0.07999000000000933, 0.1599999999999966, 0.16000999999999976, 0.07997999999997774, 0.16002000000003136]
s04e21a	 be okay if i asked you out	['be', 'okay', 'if', 'i', 'ask', 'you', 'out']	[256.235, 256.395, 256.715, 256.875, 257.035, 257.275, 257.35498]	[0.15999999999996817, 0.3199999999999932, 0.160000000000025, 0.160000000000025, 0.23999999999995225, 0.07998000000003458, 0.4000199999999836]
s04e21a	 sometime, maybe?	['sometime', 'maybe']	[257.755, 258.235]	[0.4800000000000182, 0.5]
s04e21a	 yeah.	['yeah']	[259.27]	[0.5]
s04e21a	 maybe.	['maybe']	[261.50998]	[0.5]
s04e21a		[]	[]	[]
s04e21a	 okay.	['okay']	[263.50998]	[0.5]
s04e21a	 okay, maybe i	['okay', 'maybe', 'i']	[265.27, 265.83, 266.15]	[0.5, 0.3199999999999932, 0.160000000000025]
s04e21a	 will.	['will']	[266.31]	[0.5]
s04e21a		[]	[]	[]
s04e21a	 see, i see,	['see', 'i', 'see']	[269.535, 269.775, 270.015]	[0.23999999999995225, 0.2400000000000091, 0.5]
s04e21a	 uh... big	['a', 'big']	[271.615, 271.935]	[0.3199999999999932, 0.3199999999999932]
s04e21a	 passion in your future.	['passion', 'in', 'your', 'future']	[272.255, 272.815, 272.975, 273.215]	[0.5, 0.160000000000025, 0.23999999999995225, 0.5]
s04e21a	 really? i	['really', 'i']	[274.55, 275.11]	[0.5, 0.23998000000000275]
s04e21a	 do. oh,	['do', 'oh']	[275.34998, 276.22998]	[0.5, 0.5]
s04e21a	 ross, you're so great.	"['ross', ""you're"", 'so', 'great']"	[276.78998, 277.50998, 277.90997, 278.06998]	[0.5, 0.3999900000000025, 0.16000999999999976, 0.5]
s04e21a		[]	[]	[]
s04e21a		[]	[]	[]
s04e21a		[]	[]	[]
s04e21a		[]	[]	[]
s04e21a		[]	[]	[]
s04e21a		[]	[]	[]
s04e21a		[]	[]	[]
s04e21a	 oh... ah... it's never going	"[""it's"", 'never', 'gonna']"	[289.355, 289.755, 290.075]	[0.39999999999997726, 0.3199999999999932, 0.3200199999999995]
s04e21a	 to happen.	['happen']	[290.39502]	[0.4049800000000232]
s04e21a		['k']	[293.36]	[0.15999999999996817]
s04e21a	 yeah, i've a question.	['i', 'have', 'a', 'question']	[293.52, 293.59998, 293.75998, 293.84]	[0.07998000000003458, 0.15999999999996817, 0.08001999999999043, 0.5]
s04e21a		[]	[]	[]
s04e21a	 look, uh, actually,	['well', 'actually']	[296.87997, 297.36]	[0.40002999999995836, 0.5]
s04e21a	 not so much a	['not', 'so', 'much', 'a']	[298.855, 299.015, 299.095, 299.255]	[0.15999999999996817, 0.08000000000004093, 0.15999999999996817, 0.160000000000025]
s04e21a	 question as more of a	"['question', ""it's"", 'more', 'of', 'a', 'a']"	[299.415, 299.895, 299.975, 300.135, 300.215, 300.375]	[0.47999999999996135, 0.08000000000004093, 0.15999999999996817, 0.07999999999998408, 0.160000000000025, 0.2400000000000091]
s04e21a	 general wondering... ment.	['general', 'wondering']	[300.615, 301.095]	[0.4800000000000182, 0.5]
s04e21a		[]	[]	[]
s04e21a		[]	[]	[]
s04e21a	 okay? okay.	['okay', 'okay']	[305.415, 306.135]	[0.5, 0.5]
s04e21a		[]	[]	[]
s04e21a	 um, well, for a while now,	['well', 'for', 'a', 'while', 'now']	[308.84, 309.08, 309.24, 309.32, 309.63998]	[0.2400000000000091, 0.160000000000025, 0.07999999999998408, 0.31997999999998683, 0.16002000000003136]
s04e21a	 i've been wanting	"[""i've"", 'been', 'wanting']"	[309.8, 310.04, 310.36]	[0.2400000000000091, 0.3199999999999932, 0.5]
s04e21a	 to, um... oh...	['to']	[311.4]	[0.5]
s04e21a		[]	[]	[]
s04e21a	 yes, yes. that's	"['yes', 'yes', ""that's""]"	[314.04, 314.52, 315.435]	[0.47999999999996135, 0.5, 0.4000199999999836]
s04e21a	 that's	"[""that's""]"	[315.83502]	[0.5]
s04e21a		[]	[]	[]
s04e21a	 right. look at that	['right']	[318.715]	[0.5]
s04e21a		[]	[]	[]
s04e21a	 little kitty! what? that little kitty!	[]	[]	[]
s04e21a	 ?? top of the world lookin' ?? ??	['fucking']	[323.81]	[0.5]
s04e21a	 down on creation ?? 	['down', 'on', 'creation']	[325.01, 325.49, 325.73]	[0.4800000000000182, 0.2400000000000091, 0.5]
s04e21a	 ?? and the	['and', 'we']	[326.69, 327.09]	[0.39999999999997726, 0.5]
s04e21a	 only explanation i can find... ??	['are']	[327.97]	[0.5]
s04e21a		[]	[]	[]
s04e21a		[]	[]	[]
s04e21a	 listen, if you want	['alright', 'so', 'mitsy', 'if', 'you', 'want']	[332.39752, 332.505, 332.665, 332.98502, 333.305, 333.385]	[0.10748000000000957, 0.160000000000025, 0.3200199999999995, 0.31997999999998683, 0.07999999999998408, 0.3200199999999995]
s04e21a	 this cart you're going to have to	"['this', 'part', ""you're"", 'gonna', 'have', 'to']"	[333.70502, 333.945, 334.185, 334.42502, 334.665, 334.825]	[0.23998000000000275, 0.2400000000000091, 0.24002000000001544, 0.23998000000000275, 0.15999999999996817, 0.2400000000000091]
s04e21a	 take me with it!	['take', 'me', 'with', 'it']	[335.065, 335.385, 335.70502, 335.865]	[0.3199999999999932, 0.3200199999999995, 0.15998000000001866, 0.5]
s04e21a		[]	[]	[]
s04e21a		[]	[]	[]
s04e21a		[]	[]	[]
s04e21a	 yes! did you	['yes', 'can', 'you']	[341.30002, 342.26, 342.58002]	[0.5, 0.3200199999999995, 0.07998000000003458]
s04e21a	 see that!? you were incredible!	['see', 'that', 'you', 'want', 'a', 'credit', 'you']	[342.66, 342.9, 343.22, 343.38, 343.54, 343.7, 344.02]	[0.23999999999995225, 0.32000000000005, 0.15999999999996817, 0.160000000000025, 0.15999999999996817, 0.3199999999999932, 0.160000000000025]
s04e21a	 a brand new woman,	['see', 'that', 'brand', 'new', 'woman']	[344.18, 344.34, 344.74, 344.9, 345.14]	[0.15999999999996817, 0.4000000000000341, 0.15999999999996817, 0.2400000000000091, 0.2400000000000091]
s04e21a	 ladies and	"[""there's"", 'a', ""there's"", 'a', 'broad']"	[345.38, 345.7, 346.14, 346.58002, 346.74]	[0.3199999999999932, 0.4399999999999977, 0.4400200000000041, 0.15998000000001866, 0.2400000000000091]
s04e21a	 gentlemen. i could not have	['thing', 'you', 'think', 'i', 'could', 'not', 'have']	[346.98, 347.30002, 347.46, 347.78, 347.94, 348.1, 348.34]	[0.3200199999999995, 0.15997999999996182, 0.3199999999999932, 0.160000000000025, 0.160000000000025, 0.23999999999995225, 0.160000000000025]
s04e21a	 done this without you. no, it's	['done', 'this', 'without', 'you']	[348.5, 348.66, 348.82, 349.14]	[0.160000000000025, 0.15999999999996817, 0.3199999999999932, 0.5]
s04e21a		[]	[]	[]
s04e21a		[]	[]	[]
s04e21a		[]	[]	[]
s04e21a		[]	[]	[]
s04e21a	 just... okay,	['okay']	[356.00497]	[0.5]
s04e21a	 um, uh... more clothes	['more', 'clothes']	[358.49, 358.81]	[0.3199999999999932, 0.07999999999998408]
s04e21a	 in the dryer?	['in', 'the', 'dryer', 'yes']	[358.89, 359.13, 359.21, 359.81]	[0.2400000000000091, 0.07999999999998408, 0.5, 0.5]
s04e21a		['no']	[360.41]	[0.5]
s04e21a		[]	[]	[]
s04e21a	 oh! oh! i'm fine. i'm fine. you had no right to tell	['you', 'had', 'no', 'right', 'to', 'tell', 'me']	[363.61002, 363.77, 364.01, 364.25, 364.41, 364.57, 364.73]	[0.15997999999996182, 0.2400000000000091, 0.2400000000000091, 0.160000000000025, 0.15999999999996817, 0.160000000000025, 0.2400000000000091]
s04e21a	 me you ever had feelings for	['you', 'ever', 'had', 'feelings', 'for']	[364.97, 365.13, 365.37, 365.69, 366.17]	[0.15999999999996817, 0.2400000000000091, 0.3199999999999932, 0.4800000000000182, 0.2400000000000091]
s04e21a	 me. what? i	['me', 'what', 'i']	[366.41, 367.185, 367.66498]	[0.4549999999999841, 0.47998000000001184, 0.15999999999996817]
s04e21a	 was doing great with julie before i	['was', 'doing', 'great', 'with', 'julie', 'before', 'i']	[367.82498, 368.065, 368.305, 368.54498, 368.785, 369.10498, 369.425]	[0.24002000000001544, 0.2400000000000091, 0.23998000000000275, 0.24002000000001544, 0.31997999999998683, 0.3200199999999995, 0.07999999999998408]
s04e21a	 found out about you. i	['found', 'out', 'about', 'you', 'hey', 'i']	[369.505, 369.745, 369.905, 370.145, 370.54498, 370.785]	[0.2400000000000091, 0.15999999999996817, 0.2400000000000091, 0.39998000000002776, 0.24002000000001544, 0.07999999999998408]
s04e21a	 was doing great before i found	['was', 'doing', 'great', 'before', 'i', 'found']	[370.865, 371.10498, 371.345, 371.585, 371.905, 372.065]	[0.23998000000000275, 0.24002000000001544, 0.23999999999995225, 0.3199999999999932, 0.160000000000025, 0.2400000000000091]
s04e21a	 out about you. you think it's easy for	"['out', 'about', 'you', 'you', 'think', ""it's"", 'easy', 'for']"	[372.305, 372.54498, 372.705, 372.94498, 373.10498, 373.345, 373.505, 373.745]	[0.23998000000000275, 0.16001999999997452, 0.23998000000000275, 0.160000000000025, 0.24002000000001544, 0.15999999999996817, 0.2400000000000091, 0.15999999999996817]
s04e21a	 me to see you with julie?	['me', 'to', 'see', 'you', 'with', 'julie']	[373.905, 374.065, 374.22498, 374.38498, 374.625, 374.785]	[0.160000000000025, 0.15998000000001866, 0.15999999999996817, 0.24002000000001544, 0.160000000000025, 0.5]
s04e21a	 the point is, i... i	['the', 'point', 'is', 'i', 'i']	[375.425, 375.585, 375.82498, 376.22498, 376.75]	[0.15999999999996817, 0.23998000000000275, 0.4000000000000341, 0.4450199999999995, 0.08001999999999043]
s04e21a	 don't need this right now.	"[""don't"", 'need', 'this', 'right', 'now']"	[376.83002, 377.07, 377.39, 377.63, 377.79]	[0.23998000000000275, 0.3199999999999932, 0.2400000000000091, 0.160000000000025, 0.5]
s04e21a	 okay? it's it's too	"['okay', ""it's"", ""it's"", 'too']"	[378.67, 379.07, 379.31003, 379.63]	[0.39999999999997726, 0.2400299999999902, 0.3199700000000121, 0.2400299999999902]
s04e21a	 late. i'm with somebody	"['late', ""i'm"", 'with', 'somebody']"	[379.87003, 380.43002, 380.67, 380.83002]	[0.5, 0.23998000000000275, 0.16001999999997452, 0.39998000000002776]
s04e21a	 else; i'm happy. this ship	"['else', ""i'm"", 'happy', 'this', 'ship']"	[381.23, 381.47, 381.71002, 382.11002, 382.35]	[0.2400000000000091, 0.2400199999999586, 0.4000000000000341, 0.23998000000000275, 0.39999999999997726]
s04e21a	 has sailed. fine. go	['has', 'sailed', 'alright', 'fine', 'you', 'go']	[382.75, 382.99002, 383.55002, 383.79, 384.11002, 384.19]	[0.24002000000001544, 0.5, 0.23998000000000275, 0.3200199999999995, 0.07997999999997774, 0.08001999999999043]
s04e21a	 and do that. fine.	['ahead', 'and', 'you', 'do', 'that', 'alright', 'ross']	[384.27002, 384.51, 384.59003, 384.75, 384.91, 385.07, 385.39]	[0.23998000000000275, 0.08003000000002203, 0.15996999999998707, 0.160000000000025, 0.15999999999996817, 0.3199999999999932, 0.42500000000001137]
s04e21a	 fine. i don't need your stupid	"['i', ""don't"", 'need', 'your', 'stupid']"	[385.975, 386.215, 386.295, 386.535, 386.855]	[0.23999999999995225, 0.08000000000004093, 0.2400000000000091, 0.3199999999999932, 0.5]
s04e21a	 ship! good.	['shit', 'good']	[387.415, 388.295]	[0.5, 0.5]
s04e21a		[]	[]	[]
s04e21a		[]	[]	[]
s04e21a		[]	[]	[]
s04e21a		[]	[]	[]
s04e21a		[]	[]	[]
s04e21a		[]	[]	[]
s04e21a		[]	[]	[]
s04e21a		[]	[]	[]
s04e21a		[]	[]	[]
s04e21a		[]	[]	[]
s04e21a		[]	[]	[]
s04e21a		[]	[]	[]
s04e21a		[]	[]	[]
s04e21a		[]	[]	[]
s04e21a		[]	[]	[]
s04e21a		[]	[]	[]
s04e21a		[]	[]	[]
s04e21a		[]	[]	[]
s04e21a		[]	[]	[]
s04e21a		[]	[]	[]
s04e21a		[]	[]	[]
s04e21a		[]	[]	[]
s04e21a		[]	[]	[]
s04e21a		[]	[]	[]
s04e21a		[]	[]	[]
s04e21a		[]	[]	[]
s04e21a		[]	[]	[]
s04e21a		[]	[]	[]
s04e21a		[]	[]	[]
s04e21a		[]	[]	[]
s04e21a		[]	[]	[]
s04e21a		[]	[]	[]
s04e21a	 oh! ross, do you	['ross', 'do', 'you']	[437.325, 437.64502, 437.725]	[0.3200199999999995, 0.07998000000003458, 0.07999999999998408]
s04e21a	 realize this is the first time in my	['realize', 'this', 'is', 'the', 'first', 'time', 'in', 'my']	[437.805, 438.125, 438.365, 438.445, 438.605, 438.845, 439.005, 439.085]	[0.3199999999999932, 0.2400000000000091, 0.07999999999998408, 0.160000000000025, 0.2400000000000091, 0.15999999999996817, 0.07999999999998408, 0.160000000000025]
s04e21a	 life i'm doing something i actually care	"['life', ""i'm"", 'doing', 'something', 'i', 'actually', 'care']"	[439.245, 439.565, 439.725, 439.965, 440.20502, 440.365, 440.685]	[0.3199999999999932, 0.160000000000025, 0.23999999999995225, 0.24002000000001544, 0.15998000000001866, 0.3199999999999932, 0.24002000000001544]
s04e21a	 about? this is the first time in my	['about', 'this', 'is', 'the', '1st', 'time', 'in', 'my']	[440.92502, 441.44998, 441.61, 441.69, 441.77, 441.85, 442.09, 442.25]	[0.44497999999998683, 0.16002000000003136, 0.07999999999998408, 0.07999999999998408, 0.08000000000004093, 0.23999999999995225, 0.160000000000025, 0.160000000000025]
s04e21a	 life i'm doing something that i'm actually good	"['life', ""i'm"", 'doing', 'something', 'that', ""i'm"", 'actually', 'good']"	[442.41, 442.57, 442.72998, 442.97, 443.21, 443.29, 443.53, 443.85]	[0.15999999999996817, 0.15998000000001866, 0.24002000000001544, 0.23999999999995225, 0.08000000000004093, 0.23999999999995225, 0.32000000000005, 0.15999999999996817]
s04e21a	 at? if you	['at', 'i', 'mean', 'if', 'you']	[444.01, 444.72998, 444.81, 444.97, 445.21]	[0.5, 0.08001999999999043, 0.160000000000025, 0.23999999999995225, 0.160000000000025]
s04e21a	 don't get that... hey, i get that.	"[""don't"", 'get', 'that', 'okay', 'i', 'get', 'that']"	[445.37, 445.61, 445.77, 446.16998, 446.41, 446.49, 446.65]	[0.2400000000000091, 0.15999999999996817, 0.160000000000025, 0.24002000000001544, 0.07999999999998408, 0.15999999999996817, 0.32000000000005]
s04e21a	 i get that big time, and i'm	"['okay', 'i', 'get', 'that', 'big', 'time', 'and', ""i'm""]"	[446.97, 447.29, 447.37, 447.53, 447.77, 447.93, 448.16998, 448.33]	[0.3199999999999932, 0.07999999999998408, 0.15999999999996817, 0.2400000000000091, 0.160000000000025, 0.23998000000000275, 0.16001999999997452, 0.08000000000004093]
s04e21a	 happy for you but i'm tired of having	"['happy', 'before', 'you', 'but', ""i'm"", 'tired', 'of', 'having']"	[448.41, 448.865, 448.945, 449.025, 449.105, 449.265, 449.505, 449.585]	[0.214999999999975, 0.07999999999998408, 0.07999999999998408, 0.08000000000004093, 0.15999999999996817, 0.2400000000000091, 0.07999999999998408, 0.2400000000000091]
s04e21a	 a relationship with your answering	['a', 'relationship', 'with', 'your', 'answering']	[449.825, 449.985, 450.465, 450.625, 450.865]	[0.160000000000025, 0.47999999999996135, 0.160000000000025, 0.2400000000000091, 0.39999999999997726]
s04e21a	 machine. i don't know what to do	"['machine', 'okay', 'i', ""don't"", 'know', 'what', 'to', 'do']"	[451.265, 451.665, 451.985, 452.065, 452.225, 452.305, 452.465, 452.545]	[0.4000000000000341, 0.3199999999999932, 0.07999999999998408, 0.160000000000025, 0.07999999999998408, 0.15999999999996817, 0.08000000000004093, 0.15999999999996817]
s04e21a	 anymore. well, neither do i!	['anymore', 'but', 'neither', 'do', 'i']	[452.705, 453.105, 453.345, 453.665, 453.905]	[0.4000000000000341, 0.2400000000000091, 0.3199999999999932, 0.23999999999995225, 0.5]
s04e21a	 is this about	['is', 'this', 'about']	[454.785, 454.945, 455.185]	[0.15999999999996817, 0.2400000000000091, 0.3199999999999932]
s04e21a	 mark?	['mark']	[455.505]	[0.49500000000000455]
s04e21a	 oh, my god!	['oh', 'my', 'god']	[458.0, 458.24, 458.4]	[0.2400000000000091, 0.15999999999996817, 0.5]
s04e21a	 okay, it's not. oh, my	"['okay', ""it's"", 'not', 'oh', 'my']"	[458.96, 459.28, 459.52, 460.08, 460.16]	[0.3199999999999932, 0.2400000000000091, 0.5, 0.08000000000004093, 0.15999999999996817]
s04e21a	 god! i	['god', 'i']	[460.32, 461.52]	[0.5, 0.160000000000025]
s04e21a	 cannot keep having this same	['cannot', 'keep', 'having', 'the', 'same']	[461.68, 462.08, 462.32, 462.56, 462.72]	[0.39999999999997726, 0.2400000000000091, 0.2400000000000091, 0.160000000000025, 0.23999999999995225]
s04e21a	 fight over and over again,	['fight', 'over', 'and', 'over', 'again']	[462.96, 463.44, 463.68, 463.84, 464.08]	[0.4800000000000182, 0.2400000000000091, 0.15999999999996817, 0.2400000000000091, 0.4000000000000341]
s04e21a	 ross. no, you're	"['ross', 'no', ""you're"", ""you're"", ""you're""]"	[464.48, 465.145, 465.305, 465.545, 465.865]	[0.4249999999999545, 0.160000000000025, 0.2400000000000091, 0.3199999999999932, 0.15999999999996817]
s04e21a	 making this too hard!	"['making', 'this', 'too', 'hard', 'oh', ""i'm""]"	[466.025, 466.425, 466.665, 466.825, 467.225, 467.385]	[0.4000000000000341, 0.2400000000000091, 0.15999999999996817, 0.4000000000000341, 0.15999999999996817, 0.3199999999999932]
s04e21a	 i'm making this too hard? what	"[""i'm"", 'making', 'this', 'too', 'hard', 'okay', 'what']"	[467.705, 467.945, 468.185, 468.425, 468.585, 468.905, 469.065]	[0.2400000000000091, 0.2400000000000091, 0.2400000000000091, 0.15999999999996817, 0.3199999999999932, 0.160000000000025, 0.160000000000025]
s04e21a	 do you want me to do? i don't	"['do', 'you', 'want', 'me', 'to', 'do', 'i', ""don't""]"	[469.225, 469.385, 469.465, 469.625, 469.785, 469.945, 470.26498, 470.345]	[0.15999999999996817, 0.07999999999998408, 0.160000000000025, 0.160000000000025, 0.15999999999996817, 0.31997999999998683, 0.08002000000004728, 0.3199999999999932]
s04e21a	 know! i don't know! look,	"['know', 'i', ""don't"", 'know', 'look']"	[470.665, 470.905, 471.065, 471.305, 471.785]	[0.23999999999995225, 0.160000000000025, 0.2400000000000091, 0.4800000000000182, 0.5]
s04e21a	 maybe we should just take a	['maybe', 'we', 'should', 'just', 'take', 'a']	[472.665, 472.985, 473.065, 473.225, 473.465, 473.625]	[0.3199999999999932, 0.07999999999998408, 0.160000000000025, 0.23999999999995225, 0.160000000000025, 0.07999999999998408]
s04e21a	 break. you're right. let's	"['break', ""you're"", 'right', ""let's""]"	[473.705, 474.28, 474.52002, 474.6]	[0.49500000000000455, 0.24002000000001544, 0.07998000000003458, 0.5]
s04e21a	 take a break. let's	"[""let's"", 'take', 'a', 'break', ""let's""]"	[475.48, 475.72, 475.96002, 476.04, 476.36002]	[0.2400000000000091, 0.2400199999999586, 0.07998000000003458, 0.3200199999999995, 0.3199999999999932]
s04e21a	 cool off, okay? let's get some	"['cool', 'off', 'okay', ""let's"", 'get', 'some']"	[476.68002, 476.92, 477.16, 477.56, 477.88, 478.04]	[0.23998000000000275, 0.2400000000000091, 0.39999999999997726, 0.3199999999999932, 0.160000000000025, 0.15999999999996817]
s04e21a	 frozen yogurt or something.	['frozen', 'yogurt', 'or', 'something']	[478.2, 478.68002, 479.08002, 479.24002]	[0.48002000000002454, 0.39999999999997726, 0.160000000000025, 0.5]
s04e21a	 no...	['no']	[480.76]	[0.5]
s04e21a		[]	[]	[]
s04e21a	 a break from us.	['a', 'break', 'from', 'us']	[482.825, 483.14502, 483.46503, 483.70502]	[0.3200199999999995, 0.3200100000000248, 0.2399899999999775, 0.5]
s04e21a		[]	[]	[]
s04e21a		[]	[]	[]
s04e21a		[]	[]	[]
s04e21a	 do i know why we're	"['do', 'i', 'know', 'why', ""we're""]"	[489.225, 489.43, 489.50998, 489.75, 489.83]	[0.20499999999998408, 0.07997999999997774, 0.24002000000001544, 0.07999999999998408, 0.08000000000004093]
s04e21a	 rushing? yeah. you know the	['rushing', 'yeah', 'you', 'know', 'the', 'the']	[489.91, 490.63, 490.87, 490.94998, 491.03, 491.43]	[0.5, 0.2400000000000091, 0.07997999999997774, 0.08001999999999043, 0.160000000000025, 0.15999999999996817]
s04e21a	 girlfriend i told you about last night?	['girlfriend', 'i', 'told', 'you', 'about', 'last', 'night']	[491.59, 491.99, 492.15, 492.31, 492.47, 492.63, 492.87]	[0.4000000000000341, 0.15999999999996817, 0.160000000000025, 0.160000000000025, 0.15999999999996817, 0.2400000000000091, 0.2400000000000091]
s04e21a	 well, it turns out that she	['well', 'it', 'turns', 'out', 'that', 'she']	[493.11, 493.35, 493.43, 493.66998, 493.83, 493.99]	[0.2400000000000091, 0.07999999999998408, 0.23998000000000275, 0.16001999999997452, 0.160000000000025, 0.23998000000000275]
s04e21a	 wants to get back together	['she', 'wants', 'to', 'get', 'back', 'together']	[494.87, 495.03, 495.27, 495.35, 495.50998, 495.66998]	[0.15999999999996817, 0.2400000000000091, 0.08000000000004093, 0.15997999999996182, 0.160000000000025, 0.4800199999999677]
s04e21a	 with me... oh, i found it!	['with', 'me', 'oh', 'i', 'found']	[496.15, 496.31, 496.71, 496.94998, 497.03]	[0.160000000000025, 0.39999999999997726, 0.23998000000000275, 0.08001999999999043, 0.31500000000005457]
s04e21a	 that's so great	"[""that's"", 'so', 'great']"	[497.825, 498.225, 498.465]	[0.4000000000000341, 0.23999999999995225, 0.4800000000000182]
s04e21a	 for you guys! yeah.	['you', 'guys', 'yeah']	[498.945, 499.185, 499.745]	[0.2400000000000091, 0.5, 0.5]
s04e21a	 good luck with your	['good', 'luck', 'to', 'meet', 'your']	[501.185, 501.345, 501.585, 501.69165, 501.79834]	[0.160000000000025, 0.23999999999995225, 0.10665000000000191, 0.1066900000000146, 0.10665999999997666]
s04e21a	 girlfriend. oh, thank you.	['girlfriend', 'oh', 'thank', 'you']	[501.905, 502.865, 502.945, 503.185]	[0.5, 0.07999999999998408, 0.2400000000000091, 0.2400000000000091]
s04e21a	 i...	['i']	[503.425]	[0.5]
s04e21a		[]	[]	[]
s04e21a		[]	[]	[]
s04e21a		[]	[]	[]
s04e21a		[]	[]	[]
s04e21a		[]	[]	[]
s04e21a	 hey! rachel! hi! oh... you got my message, huh?	['you', 'got', 'my', 'message', 'you']	[512.755, 512.995, 513.155, 513.395, 513.715]	[0.2400000000000091, 0.15999999999996817, 0.2400000000000091, 0.32000000000005, 0.15999999999996817]
s04e21a	 yeah. oh, you are right on	['go', 'ahead', 'you', 'are', 'right', 'on']	[513.875, 514.115, 514.435, 514.675, 514.91504, 515.155]	[0.2400000000000091, 0.31999999999993634, 0.2400000000000091, 0.2400400000000218, 0.2399599999999964, 0.2400000000000091]
s04e21a	 time! so,	['time', 'so']	[515.395, 516.675]	[0.5, 0.32000000000005]
s04e21a	 what do you say-- can i be your	['what', 'do', 'you', 'say', 'can', 'i', 'be', 'your']	[516.995, 517.155, 517.315, 517.395, 517.875, 518.115, 518.195, 518.435]	[0.15999999999996817, 0.16000000000008185, 0.07999999999992724, 0.4800000000000182, 0.2400000000000091, 0.08000000000004093, 0.2399999999998954, 0.08000000000004093]
s04e21a	 girlfriend again? yes, you	['girlfriend', 'again', 'yes', 'you']	[518.515, 518.995, 519.315, 519.555]	[0.4800000000000182, 0.32000000000005, 0.2399999999998954, 0.2400400000000218]
s04e21a	 can, very much.	['can', 'very', 'much']	[519.79504, 520.03503, 520.35504]	[0.23999000000003434, 0.3200100000000248, 0.40495999999996]
s04e21a		[]	[]	[]
s04e21a	 ah...! i want	['i', 'want']	[524.12, 524.28]	[0.15999999999996817, 0.16000000000008185]
s04e21a	 you to leave. just get	['you', 'to', 'leave', 'get', 'out', 'of', 'here', 'just', 'get']	[524.44, 524.60004, 524.68, 524.92, 525.16003, 525.24, 525.32, 525.48, 525.72003]	[0.16003999999998086, 0.07995999999991454, 0.2400000000000091, 0.24003000000004704, 0.07997000000000298, 0.08000000000004093, 0.15999999999996817, 0.24002999999993335, 0.1599700000000439]
s04e21a	 out! i want	['out', 'no', 'i', 'know', 'i', 'wanna']	[525.88, 526.04004, 526.44, 526.60004, 526.76, 526.92]	[0.16003999999998086, 0.39996000000007825, 0.16003999999998086, 0.15995999999995547, 0.15999999999996817, 0.24003000000004704]
s04e21a	 to stay. i want to talk about this.	['stay', 'i', 'wanna', 'talk', 'about', 'this']	[527.16003, 527.48, 527.56, 527.88, 528.12, 528.28]	[0.3199700000000121, 0.07999999999992724, 0.32000000000005, 0.2400000000000091, 0.15999999999996817, 0.4800000000000182]
s04e21a	 all right.	['okay', 'alright']	[528.76, 529.16003]	[0.4000300000000152, 0.5]
s04e21a	 how was she? uh oh.	['how', 'was', 'she', 'uh-oh']	[530.315, 530.475, 530.71497, 531.195]	[0.15999999999996817, 0.23996999999997115, 0.48003000000005613, 0.5]
s04e21a		[]	[]	[]
s04e21a		[]	[]	[]
s04e21a		[]	[]	[]
s04e21a	 wh what? was she	['what', 'was', 'she']	[536.475, 537.18, 537.42]	[0.5, 0.2400000000000091, 0.15996000000006916]
s04e21a	 good? don't answer that.	"['good', ""don't"", 'answer', 'that']"	[537.57996, 538.13995, 538.45996, 538.77997]	[0.5, 0.3200100000000248, 0.3200100000000248, 0.5]
s04e21a		[]	[]	[]
s04e21a	 ross, you said	['what', 'ross', 'you', 'said']	[541.5, 541.74, 541.98, 542.13995]	[0.2400000000000091, 0.2400000000000091, 0.15994999999998072, 0.08005000000002838]
s04e21a	 you wanted to talk about it. let's talk	"['you', 'wanted', 'to', 'talk', 'about', 'it', ""let's"", 'talk']"	[542.22, 542.38, 542.54, 542.69995, 542.94, 543.1, 543.25995, 543.5]	[0.15999999999996817, 0.15999999999996817, 0.15994999999998072, 0.24005000000011023, 0.15999999999996817, 0.15994999999998072, 0.24004999999999654, 0.2400000000000091]
s04e21a	 about it! how was she?	['about', 'it', 'how', 'was', 'she']	[543.74, 543.89996, 544.355, 544.595, 544.83496]	[0.15995999999995547, 0.21504000000004453, 0.2400000000000091, 0.2399599999999964, 0.5]
s04e21a		[]	[]	[]
s04e21a	 she was... awful. horrible.	['she', 'was', 'awful', 'she']	[546.595, 546.83496, 547.475, 548.115]	[0.2399599999999964, 0.5, 0.5, 0.15995999999995547]
s04e21a	 not good. nothing compared	['was', 'awful', 'not', 'good', 'not', 'good']	[548.27496, 548.355, 548.435, 548.755, 548.915, 549.235]	[0.08004000000005362, 0.07999999999992724, 0.32000000000005, 0.15999999999996817, 0.32000000000005, 0.47996999999998025]
s04e21a	 to you.	['compare']	[549.795]	[0.5]
s04e21a	 she was	['she', 'was']	[552.08, 552.4]	[0.31999999999993634, 0.08000000000004093]
s04e21a	 different. uh oh!	['different', 'oh']	[552.48, 553.12]	[0.5, 0.5]
s04e21a		[]	[]	[]
s04e21a	 ooh!	['no']	[556.24]	[0.5]
s04e21a	 good different?	['good', 'different']	[557.2, 557.28]	[0.07999999999992724, 0.5]
s04e21a	 nobody likes	['nobody', 'likes']	[559.365, 559.76495]	[0.3999499999999898, 0.4000499999999647]
s04e21a	 change.	['change']	[560.165]	[0.5]
s04e21a	 i... just	['just']	[562.485]	[0.5]
s04e21a		[]	[]	[]
s04e21a	 stop that! what? okay!	['stop', 'the', 'way', 'you']	[564.64496, 564.96497, 565.285, 565.605]	[0.3200100000000248, 0.3200299999999743, 0.32000000000005, 0.39994000000001506]
s04e21a	 okay! the way you owned up to everything it	['owned', 'up', 'to', 'everything', 'it']	[566.00494, 566.32495, 566.485, 566.725, 567.20496]	[0.3200099999999111, 0.1600500000000693, 0.2400000000000091, 0.4799600000000055, 0.16003999999998086]
s04e21a	 just showed	['just', 'showed']	[567.365, 568.74]	[0.5, 0.31999999999993634]
s04e21a	 me how much you've grown,	"['me', 'how', 'much', ""you've"", 'grown']"	[569.06, 569.3, 569.54, 569.69995, 570.1]	[0.2400000000000091, 0.2400000000000091, 0.15994999999998072, 0.4000500000000784, 0.5]
s04e21a	 you know?	['you', 'know']	[570.66, 570.81995]	[0.15994999999998072, 0.5]
s04e21a	 i mean, my mom never	['i', 'mean', 'my', 'mom', 'never']	[572.01996, 572.18, 572.33997, 572.5, 572.98]	[0.16003999999998086, 0.1599700000000439, 0.1600300000000061, 0.4800000000000182, 0.5]
s04e21a	 thought this would work	['thought', 'this', 'would', 'work']	[573.77997, 574.1, 574.25995, 574.5]	[0.3200299999999743, 0.15994999999998072, 0.24004999999999654, 0.2400000000000091]
s04e21a	 out.	['out']	[574.74]	[0.46500000000003183]
s04e21a	" she was all, ""once a"	['she', 'was', 'all', 'once', 'a']	[576.645, 576.885, 577.125, 577.685, 577.925]	[0.2400000000000091, 0.2400000000000091, 0.5, 0.2400000000000091, 0.16000000000008185]
s04e21a	" cheater, always a cheater."""	['cheater', 'always', 'a', 'cheater']	[578.085, 578.565, 578.885, 579.04504]	[0.4800000000000182, 0.31999999999993634, 0.16003999999998086, 0.5]
s04e21a		[]	[]	[]
s04e21a	 mm hmm.	['mhmm']	[581.925]	[0.5]
s04e21a	 oh...	['oh']	[582.885]	[0.5]
s04e21a	 i just wish we hadn't lost	"['i', 'just', 'wish', 'we', ""hadn't"", 'lost']"	[584.16504, 584.325, 584.48505, 584.83, 584.99, 585.15]	[0.15996000000006916, 0.16004999999995562, 0.34495000000003984, 0.15999999999996817, 0.15999999999996817, 0.15999999999996817]
s04e21a	 those four months.	['those', '4', 'months']	[585.31, 585.79004, 586.03]	[0.4800400000000309, 0.2399599999999964, 0.5]
s04e21a	 but if	['but', 'if']	[587.95, 588.11005]	[0.16004999999995562, 0.23999000000003434]
s04e21a	 time was what you needed just to	['time', 'was', 'what', 'you', 'needed', 'just', 'to']	[588.35004, 588.59, 588.75, 588.91003, 589.15, 589.55, 589.71]	[0.2399599999999964, 0.15999999999996817, 0.1600300000000061, 0.23996999999997115, 0.39999999999997726, 0.16000000000008185, 0.2400000000000091]
s04e21a	 gain a little	['gain', 'a', 'little']	[589.95, 590.27, 590.51]	[0.31999999999993634, 0.2400000000000091, 0.5]
s04e21a	 pers pec tive...	['perspective']	[591.23004]	[0.5]
s04e21a		[]	[]	[]
s04e21a	 that's... we	['we']	[595.505]	[0.32000000000005]
s04e21a	 were on a	['were', 'on', 'a']	[595.825, 596.545, 596.785]	[0.5, 0.2400000000000091, 0.32000000000005]
s04e21a	 break!	['break']	[597.105]	[0.5]
s04e21a		[]	[]	[]
s04e21a		[]	[]	[]
s04e21a		[]	[]	[]
s04e21a		[]	[]	[]
s04e21a		[]	[]	[]
s04e21a		[]	[]	[]
s04e21a	 you	['you']	[609.01]	[0.32000000000005]
s04e21a	 seem to really like her. yeah,	['seem', 'to', 'really', 'like', 'yeah']	[609.33, 609.57, 609.73004, 610.05005, 610.695]	[0.2400000000000091, 0.16003999999998086, 0.3200100000000248, 0.32494999999994434, 0.15999999999996817]
s04e21a	 but what am i going to do? we	['but', 'what', 'am', 'i', 'gonna', 'do', 'i', 'mean', 'we', 'we']	[610.855, 611.015, 611.095, 611.255, 611.335, 611.575, 611.735, 611.815, 611.975, 612.215]	[0.15999999999996817, 0.08000000000004093, 0.15999999999996817, 0.08000000000004093, 0.2400000000000091, 0.15999999999996817, 0.08000000000004093, 0.15999999999996817, 0.2400000000000091, 0.15999999999996817]
s04e21a	 both agreed it was going to be a	['both', 'agreed', 'it', 'was', 'gonna', 'be', 'a']	[612.375, 612.615, 612.935, 613.015, 613.175, 613.495, 613.575]	[0.2400000000000091, 0.31999999999993634, 0.08000000000004093, 0.15999999999996817, 0.32000000000005, 0.08000000000004093, 0.07999999999992724]
s04e21a	 two week thing, you	['2', 'week', 'thing', 'you']	[613.655, 613.975, 614.535, 615.015]	[0.32000000000005, 0.5, 0.4800000000000182, 0.2400000000000091]
s04e21a	 know-- no commitment.	['know', 'no', 'commitment']	[615.255, 615.575, 615.735]	[0.32000000000005, 0.15999999999996817, 0.5]
s04e21a	 ross, that girl	['ross', 'that', 'girl']	[616.855, 617.655, 617.895]	[0.5, 0.2400000000000091, 0.32000000000005]
s04e21a	 just spent the entire	['just', 'spent', 'the', 'entire']	[618.215, 618.535, 618.855, 619.015]	[0.31999999999993634, 0.32000000000005, 0.15999999999996817, 0.39999999999997726]
s04e21a	 evening talking to your	['evening', 'talking', 'to', 'your']	[619.415, 620.32, 620.64, 620.72]	[0.5, 0.31999999999993634, 0.08000000000004093, 0.2399599999999964]
s04e21a	 friends	['friends']	[620.95996]	[0.5]
s04e21a	 you asking to hear  stories about	['asking', 'to', 'hear', 'stories', 'about']	[622.56, 623.04, 623.2, 623.44, 623.83997]	[0.4800000000000182, 0.16000000000008185, 0.2400000000000091, 0.3999699999999393, 0.24003000000004704]
s04e21a	 looking through	['you', 'looking', 'through']	[624.08, 625.04, 625.36]	[0.5, 0.32000000000005, 0.15999999999996817]
s04e21a	 monica's photo albums...	"[""monica's"", 'photo', 'albums']"	[625.52, 626.08, 626.48]	[0.5, 0.39999999999997726, 0.5]
s04e21a	 i mean, you don't do	"['i', 'mean', 'you', ""don't"", 'do']"	[627.83997, 628.0, 628.16, 628.32, 628.48]	[0.1600300000000061, 0.15999999999996817, 0.16000000000008185, 0.15999999999996817, 0.15999999999996817]
s04e21a	 that if you're just in it for	"['that', 'if', ""you're"", 'just', 'for', '2']"	[628.64, 628.88, 629.04, 629.2, 629.675, 629.75494]	[0.2400000000000091, 0.15999999999996817, 0.16000000000008185, 0.3949999999999818, 0.07994000000007873, 0.3200099999999111]
s04e21a	 two weeks.	['weeks']	[630.07495]	[0.5]
s04e21a	 you think? huh. you've	"['you', 'think', ""you've""]"	[631.75494, 631.915, 632.95496]	[0.16005999999993037, 0.5, 0.16003999999998086]
s04e21a	 got, like, 14 hours	['got', 'like', '14', 'hours']	[633.115, 633.355, 633.83496, 634.235]	[0.2400000000000091, 0.4799600000000055, 0.40003999999998996, 0.5]
s04e21a	 until she has to be at	['until', 'she', 'has', 'to', 'be', 'at']	[634.95496, 635.355, 635.51495, 635.675, 635.75494, 635.995]	[0.40003999999998996, 0.15994999999998072, 0.16004999999995562, 0.07994000000007873, 0.2400599999999713, 0.1599700000000439]
s04e21a	 the airport	['the', 'airport']	[636.15497, 636.39496]	[0.23998999999992066, 0.5]
s04e21a	 and you're sitting here in a	"['and', ""you're"", 'sitting', 'here', 'in', 'a']"	[637.77997, 637.94, 638.1, 638.42, 638.58, 638.74]	[0.1600300000000061, 0.15999999999996817, 0.31999999999993634, 0.16000000000008185, 0.15999999999996817, 0.15999999999996817]
s04e21a	 hallway with a...	['hallway', 'with', 'a']	[638.9, 639.3, 640.18]	[0.39999999999997726, 0.5, 0.32000000000005]
s04e21a	 28 year old cheerleader with a	['28', 'year', 'old', 'cheerleader', 'with', 'a']	[640.5, 640.98, 641.14, 641.38, 641.86, 642.1]	[0.4800000000000182, 0.15999999999996817, 0.2400000000000091, 0.4800000000000182, 0.2400000000000091, 0.07999999999992724]
s04e21a	 fat lip.	['fat', 'lip']	[642.18, 642.5]	[0.32000000000005, 0.5]
s04e21a		[]	[]	[]
s04e21a		[]	[]	[]
s04e21a	 hey, you're	"['yeah', ""you're""]"	[647.315, 647.475]	[0.15999999999996817, 0.23996999999997115]
s04e21a	 right. yeah.	['right', 'yeah']	[647.71497, 648.195]	[0.48003000000005613, 0.5]
s04e21a		[]	[]	[]
s04e21a		[]	[]	[]
